[0.762527889, 2.937953254, 2.70052818, 2.591442883, 3.492525339, 3.089131716, 2.8324608, 2.940717375, 2.992759793, 2.939764228, 2.973551911, 3.065193877, 3.175420358, 3.259582658, 3.661622826, 3.66428037, 3.762488775, 3.74741553, 4.00137807, 3.884851718, 3.866017611, 3.615326129, 3.24474132, 3.141884944, 2.897101459, 2.829205342, 2.714857545, 2.852461725, 2.695255233, 2.510664082, 2.437781461, 2.300318456, 2.32907258, 2.53856032, 2.553452997, 2.381894252, 2.286149459, 2.130806491]
[0.771264384, 3.235014436, 2.601263827, 2.570256965, 3.510076226, 3.086120797, 2.849503734, 2.937920893, 2.902394786, 2.975701636, 3.024149774, 3.073712257, 3.147263466, 3.320533388, 3.515321486, 3.745732775, 3.715867264, 3.832688451, 3.879416342, 3.930322566, 3.782875433, 3.672302168, 3.373502078, 3.247121719, 3.011577081, 2.894675363, 2.876308611, 2.75740398, 2.724651426, 2.636407135, 2.616415631, 2.563807685, 2.411312849, 2.67826976, 2.678731163, 2.423140773, 2.397618645, 2.125579788]
[0.761455017, 3.079028614, 2.665287022, 2.639949139, 3.429470549, 3.064709767, 2.809956924, 2.881191605, 2.871694033, 2.857522193, 2.922110892, 2.962490645, 3.126872371, 3.223377071, 3.538336717, 3.562748569, 3.716649966, 3.73255574, 3.935432738, 3.866430884, 3.755011379, 3.557540654, 3.275393069, 3.068770931, 2.827999124, 2.889812899, 2.852001118, 2.915373796, 2.707528531, 2.559955592, 2.596485956, 2.469684777, 2.232448721, 2.460998878, 2.57530761, 2.46895536, 2.243999213, 2.202762615]
[0.764911582, 2.734599955, 2.589215313, 2.533606303, 3.607821956, 3.02957268, 2.901949118, 2.857158655, 2.88569597, 2.960877115, 2.943748503, 3.137046617, 3.147965792, 3.314399856, 3.605160284, 3.735311062, 3.751990949, 3.719180104, 3.997260091, 3.757397499, 3.708751924, 3.545383381, 3.314834537, 3.172505092, 2.973055085, 2.83235874, 2.912117934, 2.846397176, 2.728154468, 2.692539839, 2.591702832, 2.424708736, 2.403494115, 2.606844863, 2.431152669, 2.445434138, 2.108344033, 2.20802311]
38 111.80114895599999
38 113.49622674099999
38 111.30730067899998
38 111.92067207599999
[2.854656374, 0.001593806, 0.009237832, 0.118399239, 1.494657408, 6.118949817, 6.484228919, 6.357521522, 6.541659433, 6.759435438, 6.455758049, 6.053041471, 6.502397302, 5.970140805, 6.152703172, 5.78089312, 5.321418806, 4.849700589, 4.797295846, 4.217101434, 3.665568509, 2.913227878, 2.510930733, 1.575113701, 1.064526636, 0.66670494, 0.3792995, 0.219997926, 0.112371533, 0.055062029, 0.026594442, 0.011880166, 0.005412453, 0.002543225, 0.001353342, 0.000677091, 0.000483995, 0.00021508]
[2.954488765, 0.001658738, 0.008705667, 0.118849745, 1.495546358, 6.15310894, 6.820455889, 6.6568862, 6.95491464, 6.81423933, 6.606066011, 6.653953582, 6.577249277, 6.158492422, 6.500434435, 6.096150342, 5.463519572, 5.281018746, 4.81082559, 4.290818803, 3.573314961, 2.891404844, 2.236532765, 1.636557655, 1.090670399, 0.680957634, 0.536474124, 0.221985727, 0.112515752, 0.055807343, 0.028096235, 0.012891199, 0.005902528, 0.002738321, 0.001713036, 0.000651859, 0.000511108, 0.000153783]
[2.853956125, 0.002148577, 0.009077916, 0.121056228, 1.413112267, 5.949334423, 6.4304017, 6.376427323, 6.249770937, 6.521078945, 6.423930786, 6.098795406, 6.542003781, 6.099324479, 6.360565604, 5.73796858, 5.436199504, 4.910397492, 4.745814313, 4.371600235, 3.703477212, 2.982727471, 2.195690913, 1.497698005, 1.02613769, 0.665979738, 0.379669481, 0.206652285, 0.112471797, 0.055609493, 0.144688768, 0.012505341, 0.005835123, 0.002565607, 0.001352699, 0.000681667, 0.000446419, 0.000161863]
[2.973264902, 0.001857883, 0.008967927, 0.119718312, 1.497149131, 6.040290161, 6.441881908, 6.309733183, 6.414972769, 6.510195559, 6.270530836, 6.439129555, 6.499944898, 6.231729892, 6.215055075, 5.970004196, 5.380817243, 4.857292502, 4.680706302, 4.032589882, 3.64392232, 2.744956301, 2.164342236, 1.564199701, 1.049200063, 0.626489053, 0.388221696, 0.217901815, 0.240146666, 0.056412011, 0.027542216, 0.012721855, 0.005758539, 0.002766075, 0.001356909, 0.000698257, 0.000408261, 0.000209421]
38 106.05275356099999
38 109.506262325
38 105.64731619299997
38 105.64308551099998
[4.164645198, 1.255121081, 1.278378179, 1.457979385, 3.757639407, 10.638496696, 10.216103057, 9.267140219, 8.669932301, 7.727992777, 7.101319701, 6.404461166, 5.907505237, 5.177193765, 4.556719767, 4.444453805, 3.63445531, 3.396928404, 3.041321332, 2.730053759, 2.242529913, 2.067699385, 1.760604812, 1.68929131, 1.550917768, 1.43407457, 1.351331534, 1.143828706, 1.28837566, 1.242637362, 1.198390629, 1.140223256, 1.245684837, 1.240661041, 1.225636499, 1.234408957, 1.233968777, 1.21605506]
[4.314618205, 1.264627502, 1.279291533, 1.347466944, 3.751858445, 10.933814942, 10.442610049, 9.257962541, 8.381017238, 7.717408038, 7.027234504, 6.518355994, 5.874332789, 5.227240344, 4.925395073, 4.487490134, 3.929335398, 3.352869909, 3.045146545, 2.709445507, 2.395977478, 2.199865147, 1.811637739, 1.758588209, 1.514406078, 1.40457671, 1.34965988, 1.299903797, 1.268585177, 1.258320527, 1.148445261, 1.163904595, 1.258587734, 1.105566069, 1.204320551, 1.238293914, 1.267956404, 1.26998106]
[4.332119051, 1.154818166, 1.248307075, 1.473056159, 3.753617968, 10.757881046, 10.007966378, 9.266708221, 8.274753815, 7.918465883, 7.007412023, 6.186107422, 5.713849924, 5.262145198, 4.82712885, 4.148497165, 3.84435521, 3.295846726, 3.048104972, 2.700721882, 2.31510125, 2.120851042, 1.799857696, 1.659897801, 1.544818801, 1.310426266, 1.243794971, 1.304029763, 1.268930403, 1.171214613, 1.10114638, 1.310438771, 1.121252142, 1.253659413, 1.244413703, 1.229282173, 1.23745565, 1.331726845]
[4.415439826, 1.228075879, 1.289843803, 1.460339081, 3.857471932, 10.764922637, 9.941983548, 9.201829989, 8.620173449, 8.114494908, 7.022602202, 6.432888407, 5.924799745, 5.203554657, 4.954576539, 4.427021946, 4.050122003, 3.403630259, 3.248062739, 2.679529272, 2.273510406, 2.165292013, 1.921356792, 1.665179996, 1.441358662, 1.353495701, 1.247502193, 1.286213517, 1.247381966, 1.24497079, 1.235670453, 1.261506471, 1.243936962, 1.246878126, 1.249014116, 1.136093484, 1.250368759, 1.103995894]
38 130.33416062199996
38 131.706097964
38 129.790160817
38 131.81508912200002
[]
[]
[]
[]
0 0
0 0
0 0
0 0
[0.607, 0.515, 0.572, 2.096, 17.831, 30.959, 30.716, 31.015, 29.413, 28.709, 27.311, 26.258, 23.923, 22.338, 18.327, 16.03, 13.288, 10.475, 7.33, 5.493, 4.105, 3.176, 2.268, 1.669, 1.009, 1.305, 1.019, 0.653, 1.175, 1.048, 0.571, 0.677, 0.963, 0.629, 0.728, 0.627, 0.674]
37 365.5020000000001
[1.015, 0.847, 0.964, 0.454, 18.609, 31.528, 31.446, 0.658, 30.124, 0.935, 28.146, 0.818, 24.591, 22.952, 19.093, 0.65, 0.778, 0.52, 7.913, 6.076, 4.49, 0.612, 0.473, 0.476, 1.41, 0.611, 0.479, 1.0, 0.428, 0.412, 1.157, 1.07, 0.523, 0.951, 1.079, 0.923, 1.108]
37 245.31900000000005
[6.578, 4.602, 5.231, 14.912, 45.748, 50.981, 46.402, 44.718, 39.976, 37.595, 35.975, 33.43, 30.531, 28.616, 25.055, 22.504, 20.693, 18.207, 15.857, 13.384, 11.576, 9.43, 8.044, 6.769, 5.885, 5.461, 5.116, 4.811, 4.606, 4.424, 4.362, 4.246, 4.398, 4.491, 4.282, 4.268, 4.168]
37 637.3320000000001
[0.047, 0.056, 0.333, 5.667, 21.071, 18.511, 15.849, 12.759, 10.988, 8.557, 6.701, 5.272, 4.148, 3.255, 2.575, 1.924, 1.493, 1.154, 0.787, 0.899, 0.341, 0.254, 0.172, 0.126, 0.096, 0.066, 0.042, 0.04, 0.028, 0.026, 0.03, 0.027, 0.031, 0.028, 0.026, 0.028, 0.025]
37 123.43200000000004
[7.664866, 5.529943, 6.547246, 22.694059, 85.4509, 101.041429, 93.723891, 88.522752, 81.113219, 74.885703, 70.848955, 64.985643, 59.289579, 54.932944, 46.745947, 40.4799, 35.497888, 29.852687, 24.576882, 20.38241, 16.424795, 12.880581, 10.511627, 8.583391, 7.415923, 6.871351, 6.205549, 5.877141, 5.838585, 5.516954, 5.56994, 5.365282, 5.416039, 5.503384, 5.423436, 5.259986, 5.331002]
37 1138.7618089999999
